0.632747
1.725520
0.050000
0.597015
0.166667
1.371429
0.230769
0.111111
0.861538
0.004858
4.045816
0.250000
0.240000
0.250000
0.166667
0.777778
0.076923
1.678322
3.500153
1.626009
0.047619
0.211838
0.038462
0.390769
0.142857
0.041667
0.320076
0.127848
0.008447
0.001404
1.333333
0.159830
0.490497
0.125000
1.882689
0.126870
0.003698
0.250000
0.250000
0.250000
0.250000
0.250000
0.250000
0.250000
0.250000
0.250000
0.250000
0.250000
1.493551
0.250000
0.250000
0.250000
0.250000
0.825000
0.043478
0.536585
0.166667
0.250000
0.250000
0.250000
0.250000
0.093023
0.066667
0.148148
3.764706
0.111111
0.083333
0.250000
0.156583
13.381908
0.250000
0.250000
0.281250
0.250000
0.250000
0.250000
0.250000
0.250000
0.250000
0.250000
0.250000
0.250000
0.250000
0.250000
0.250000
0.250000
0.250000
0.250000
0.250000
0.250000
0.177778
3.204260
0.441997
0.090909
0.071429
0.055556
0.272727
0.385280
