4.645910
2.764706
1.750077
1.678322
1.333333
0.800000
0.729241
0.615385
0.548683
0.500000
0.500000
0.482850
0.447761
0.341463
0.292773
0.271555
0.250000
0.245248
0.221733
0.200000
0.193280
0.166667
0.166667
0.166667
0.161301
0.148148
0.142857
0.142857
0.136364
0.125000
0.125000
0.120000
0.093023
0.090909
0.090909
0.090909
0.090909
0.090909
0.090909
0.090909
0.090909
0.090909
0.090909
0.090909
0.090909
0.090909
0.090909
0.090909
0.090909
0.090909
0.090909
0.090909
0.090909
0.090909
0.090909
0.090909
0.090909
0.090909
0.090909
0.090909
0.090909
0.090909
0.090909
0.090909
0.090909
0.090909
0.090909
0.090909
0.090909
0.090909
0.090909
0.090909
0.090909
0.079915
0.077902
0.076923
0.075222
0.071429
0.066667
0.065070
0.063128
0.055556
0.055556
0.055556
0.047619
0.044444
0.041667
0.038462
0.036162
0.023270
0.004234
0.003698
0.002429
0.001404
0.000000
0.000000
0.000000
0.000000
0.000000
0.000000
0.000000
0.000000
0.000000
0.000000
0.000000
0.000000
0.000000
0.000000
0.000000
0.000000
0.000000
0.000000
0.000000
0.000000
0.000000
0.000000
0.000000
0.000000
0.000000
0.000000
0.000000
0.000000
0.000000
0.000000
0.000000
0.000000
0.000000
0.000000
0.000000
0.000000
0.000000
0.000000
0.000000
0.000000
0.000000
0.000000
0.000000
0.000000
0.000000
0.000000
0.000000
0.000000
0.000000
0.000000
0.000000
0.000000
0.000000
0.000000
0.000000
0.000000
0.000000
0.000000
0.000000
0.000000
0.000000
0.000000
0.000000
0.000000
0.000000
0.000000
0.000000
0.000000
0.000000
0.000000
0.000000
0.000000
0.000000
0.000000
0.000000
0.000000
